Car
-0.75 -0.75 0 0 
-0.814686 -0.729556 -0.23262 -0.571842 
-0.760859 -0.822248 -0.380644 -0.70525 
-0.165935 -0.704218 -0.393772 -0.745116 
0.14116 -0.822472 -0.666088 -0.670217 
0.133433 -0.796291 -1.12761 -0.0239174 
0.00557857 -0.227249 -1.23902 -0.0486457 
-0.0963971 0.00154213 -1.39005 0.0301295 
0.0759759 -0.0585993 -1.18082 -0.0652599 
-0.0934176 0.285622 -1.50974 -0.479123 
0.109053 0.0966296 -1.57221 -0.566167 
-0.0942373 -0.00179738 -1.67111 -0.36722 
0.019248 0.552753 -1.90783 -0.819702 
-0.0779091 0.421998 -1.9111 -0.911715 
-0.0367741 0.80997 -2.1408 -1.0609 
-0.694555 0.809951 -2.19107 -1.5171 
0.75 0.75 0 0 

